"","LIT","Unit_Name","Subunit_Name","subunit_ID","st_g_m2_a.Low","st_g_m2_b.Med","st_g_m2_c.High","wg_g_m2_a.Low","wg_g_m2_b.Med","wg_g_m2_c.High","wg_g_m2","st_g_m2","tot_g_m2","area_ha","tot_mass_m2_var","CI80lwr","CI80upr","st_mass_m2_var","CI80lwr_st","CI80upr_st","wg_mass_m2_var","CI80lwr_wg","CI80upr_wg"
"1","KRN","4A","4A-1","KRN_4A_4A-1",32.9261314290472,117.652350154711,299.523038301614,0,0,0,0,73.9947959295163,73.9947959295163,19.4765825020243,194.716772447375,56.111903398717,91.8776884603157,194.716772447375,56.111903398717,91.8776884603157,0,0,0
"2","KRN","4A","4A-2","KRN_4A_4A-2",32.9261314290472,117.652350154711,299.523038301614,0,0,0,0,83.912329725365,83.912329725365,17.4619426356275,318.44881539581,61.0428700260007,106.781789424729,318.44881539581,61.0428700260007,106.781789424729,0,0,0
"3","KRN","4A","4A-3","KRN_4A_4A-3",32.9261314290472,117.652350154711,299.523038301614,0,0,0,0,265.891148445824,265.891148445824,8.98213337651822,971.001679241992,225.956848463797,305.825448427851,971.001679241992,225.956848463797,305.825448427851,0,0,0
"4","KRN","4A","4A-4","KRN_4A_4A-4",32.9261314290472,117.652350154711,299.523038301614,0,0,0,0,143.01514226567,143.01514226567,20.6152295587045,196.270435954151,125.061046842581,160.969237688759,196.270435954151,125.061046842581,160.969237688759,0,0,0
"5","KRN","4A","4A-5","KRN_4A_4A-5",32.9261314290472,117.652350154711,299.523038301614,0,0,0,0,181.46597742445,181.46597742445,21.9515994210526,799.350882246708,145.232933973348,217.699020875551,799.350882246708,145.232933973348,217.699020875551,0,0,0
"6","KRN","4A","4A-6","KRN_4A_4A-6",32.9261314290472,117.652350154711,299.523038301614,0,0,0,0,86.489260015032,86.489260015032,26.65628048583,145.815951433005,71.0139768850116,101.964543145052,145.815951433005,71.0139768850116,101.964543145052,0,0,0
"7","KRN","4B","4B-1","KRN_4B_4B-1",32.9261314290472,117.652350154711,299.523038301614,0,0,0,0,99.8116582431449,99.8116582431449,25.8704965222672,81.9367555340312,88.2111914012684,111.412125085022,81.9367555340312,88.2111914012684,111.412125085022,0,0,0
"8","KRN","4B","4B-2","KRN_4B_4B-2",32.9261314290472,117.652350154711,299.523038301614,0,0,0,0,71.8973932890167,71.8973932890167,17.6735283441296,149.65830197652,56.2195437495869,87.5752428284466,149.65830197652,56.2195437495869,87.5752428284466,0,0,0
"9","KRN","4B","4B-3","KRN_4B_4B-3",32.9261314290472,117.652350154711,299.523038301614,0,0,0,0,249.811563388111,249.811563388111,18.9818694412955,613.203578634208,218.076568999784,281.546557776438,613.203578634208,218.076568999784,281.546557776438,0,0,0
"10","KRN","5A","5A-1","KRN_5A_5A-1",32.9261314290472,117.652350154711,299.523038301614,0,0,0,0,156.235604991462,156.235604991462,18.7351343198381,155.28576885582,140.265715392418,172.205494590506,155.28576885582,140.265715392418,172.205494590506,0,0,0
"11","KRN","5A","5A-3","KRN_5A_5A-3",32.9261314290472,117.652350154711,299.523038301614,0,0,0,0,63.2341856969449,63.2341856969449,21.2247014089069,196.901208995612,45.251263021071,81.2171083728188,196.901208995612,45.251263021071,81.2171083728188,0,0,0
"12","KRN","5A","5A-4","KRN_5A_5A-4",32.9261314290472,117.652350154711,299.523038301614,0,0,0,0,104.507794105983,104.507794105983,18.9291342145749,371.779729736721,79.797441696701,129.218146515265,371.779729736721,79.797441696701,129.218146515265,0,0,0
"13","KRN","5A","5A-6","KRN_5A_5A-6",32.9261314290472,117.652350154711,299.523038301614,0,0,0,0,172.213470353919,172.213470353919,14.1035457125506,239.009307864669,152.400778153726,192.026162554112,239.009307864669,152.400778153726,192.026162554112,0,0,0
"14","KRN","5A","5A-7","KRN_5A_5A-7",32.9261314290472,117.652350154711,299.523038301614,0,0,0,0,112.086316727736,112.086316727736,19.6412378421053,428.837806283444,85.5474350389965,138.625198416475,428.837806283444,85.5474350389965,138.625198416475,0,0,0
"15","KRN","5B","5B-1","KRN_5B_5B-1",32.9261314290472,117.652350154711,299.523038301614,0,0,0,0,149.563317743031,149.563317743031,9.23024375303644,407.855962366803,123.681814740741,175.444820745321,407.855962366803,123.681814740741,175.444820745321,0,0,0
"16","KRN","5B","5B-2","KRN_5B_5B-2",32.9261314290472,117.652350154711,299.523038301614,0,0,0,0,61.2975976397303,61.2975976397303,11.935125437247,467.094292981613,33.6002382663985,88.9949570130622,467.094292981613,33.6002382663985,88.9949570130622,0,0,0
"17","KRN","5B","5B-3","KRN_5B_5B-3",32.9261314290472,117.652350154711,299.523038301614,0,0,0,0,110.01890512831,110.01890512831,23.2972509311741,1280.94659581487,64.1517718394329,155.886038417186,1280.94659581487,64.1517718394329,155.886038417186,0,0,0
"18","KRN","5B","5B-5","KRN_5B_5B-5",32.9261314290472,117.652350154711,299.523038301614,0,0,0,0,24.3138230134773,24.3138230134773,20.3027789230769,17.5772634349128,18.9408864091752,29.6867596177794,17.5772634349128,18.9408864091752,29.6867596177794,0,0,0
"19","KRN","5B","5B-6","KRN_5B_5B-6",32.9261314290472,117.652350154711,299.523038301614,0,0,0,0,92.5064075434891,92.5064075434891,12.9507504534413,149.628473037646,76.8301204864413,108.182694600537,149.628473037646,76.8301204864413,108.182694600537,0,0,0
"20","KRN","5B","5B-7","KRN_5B_5B-7",32.9261314290472,117.652350154711,299.523038301614,0,0,0,0,198.763254121362,198.763254121362,12.0585314453441,310.119376460443,176.194866284814,221.33164195791,310.119376460443,176.194866284814,221.33164195791,0,0,0
"21","KRN","5B","5B-8","KRN_5B_5B-8",32.9261314290472,117.652350154711,299.523038301614,0,0,0,0,122.032067126006,122.032067126006,19.3648213117409,274.564233866168,100.796783444901,143.267350807111,274.564233866168,100.796783444901,143.267350807111,0,0,0
"22","KRN","6A","6A-1","KRN_6A_6A-1",32.9261314290472,117.652350154711,299.523038301614,0,0,0,0,69.3948778894948,69.3948778894948,21.8329741659919,130.424072613772,54.7591285072288,84.0306272717608,130.424072613772,54.7591285072288,84.0306272717608,0,0,0
"23","KRN","6A","6A-2","KRN_6A_6A-2",32.9261314290472,117.652350154711,299.523038301614,0,0,0,0,47.9790142435318,47.9790142435318,20.2451643076923,129.544703930957,33.3926882032171,62.5653402838465,129.544703930957,33.3926882032171,62.5653402838465,0,0,0
"24","KRN","6A","6A-4","KRN_6A_6A-4",32.9261314290472,117.652350154711,299.523038301614,0,0,0,0,83.5927701226102,83.5927701226102,11.5020235425101,46.6919970997714,74.8357305869615,92.3498096582589,46.6919970997714,74.8357305869615,92.3498096582589,0,0,0
"25","KRN","6A","6A-5","KRN_6A_6A-5",32.9261314290472,117.652350154711,299.523038301614,0,0,0,0,95.9057117973537,95.9057117973537,13.7868232631579,89.7825999837001,83.7625390184273,108.04888457628,89.7825999837001,83.7625390184273,108.04888457628,0,0,0
"26","MDC","Duck Ponds","Duck Ponds","MDC_Duck Ponds_Duck Ponds",4.72206534275276,112.841826390822,156.911697599534,0.986027344751279,2.95559824344883,7.65770673589205,0,130.2879561371,130.2879561371,71.7262952631579,1182.35834752743,86.221244216219,174.35466805798,1182.35834752743,86.221244216219,174.35466805798,0,0,0
"27","MDC","Flournoy Pond","Flournoy Pond","MDC_Flournoy Pond_Flournoy Pond",4.72206534275276,112.841826390822,156.911697599534,0.986027344751279,2.95559824344883,7.65770673589205,0,73.7087750902004,73.7087750902004,21.7357757327935,459.53755077348,46.2363759195605,101.18117426084,459.53755077348,46.2363759195605,101.18117426084,0,0,0
"28","MDC","Gadwall","Gadwall","MDC_Gadwall_Gadwall",4.72206534275276,112.841826390822,156.911697599534,0.986027344751279,2.95559824344883,7.65770673589205,0.202752128462565,46.5047841566605,46.707536285123,26.0387056477733,223.390842510866,27.5531267583689,65.8619458118771,223.386860012342,27.3505453682115,65.6590229451095,0.00398249852378844,0.121877202287378,0.283627054637753
"29","MDC","Grandma Tract 10","Grandma Tract 10","MDC_Grandma Tract 10_Grandma Tract 10",4.72206534275276,112.841826390822,156.911697599534,0.986027344751279,2.95559824344883,7.65770673589205,0.214864324558308,0,0.214864324558308,13.9967692793522,0.00822124473948385,0.0986646600974612,0.331063989019154,0,0,0,0.00822124473948385,0.0986646600974612,0.331063989019154
"30","MDC","Grandma Tract 11","Grandma Tract 11","MDC_Grandma Tract 11_Grandma Tract 11",4.72206534275276,112.841826390822,156.911697599534,0.986027344751279,2.95559824344883,7.65770673589205,0,0,0,6.05161393927125,0,0,0,0,0,0,0,0,0
"31","MDC","Grandma Tract 2","Grandma Tract 2","MDC_Grandma Tract 2_Grandma Tract 2",4.72206534275276,112.841826390822,156.911697599534,0.986027344751279,2.95559824344883,7.65770673589205,1.72046437646154,17.527850506106,19.2483148825675,8.49686092712551,95.9942786629693,6.6920993987196,31.8045303664155,95.6452263899228,4.99448412855119,30.0612168836608,0.349052273046469,0.963315432857046,2.47761332006604
"32","MDC","Grandma Tract 3","Grandma Tract 3","MDC_Grandma Tract 3_Grandma Tract 3",4.72206534275276,112.841826390822,156.911697599534,0.986027344751279,2.95559824344883,7.65770673589205,6.78011834116166,0,6.78011834116166,12.4870070121457,1.12151332677551,5.42293567322575,8.13730100909758,0,0,0,1.12151332677551,5.42293567322575,8.13730100909758
"33","MDC","Grandma Tract 4","Grandma Tract 4","MDC_Grandma Tract 4_Grandma Tract 4",4.72206534275276,112.841826390822,156.911697599534,0.986027344751279,2.95559824344883,7.65770673589205,1.02847487123091,0.0145832051724987,1.04305807640341,11.9330189838057,0.465064601501314,0.169095718576937,1.91702043422988,0.0301935533222588,-0.208102940510028,0.237269350855026,0.434871048179055,0.183358853503956,1.87359088895786
"34","MDC","Grandma Tract 7","Grandma Tract 7","MDC_Grandma Tract 7_Grandma Tract 7",4.72206534275276,112.841826390822,156.911697599534,0.986027344751279,2.95559824344883,7.65770673589205,0,0,0,14.2761860526316,0,0,0,0,0,0,0,0,0
"35","MDC","Grandma Tract 8","Grandma Tract 8","MDC_Grandma Tract 8_Grandma Tract 8",4.72206534275276,112.841826390822,156.911697599534,0.986027344751279,2.95559824344883,7.65770673589205,0.580928651497362,0,0.580928651497362,11.1704126963563,0.0230687940445933,0.386281285403699,0.775576017591025,0,0,0,0.0230687940445933,0.386281285403699,0.775576017591025
"36","MDC","Grandma Tract 9","Grandma Tract 9","MDC_Grandma Tract 9_Grandma Tract 9",4.72206534275276,112.841826390822,156.911697599534,0.986027344751279,2.95559824344883,7.65770673589205,0.917364847955745,0,0.917364847955745,11.1571389271255,0.118851186030538,0.475552504141352,1.35917719177014,0,0,0,0.118851186030538,0.475552504141352,1.35917719177014
"37","MDC","House Field","House Field","MDC_House Field_House Field",4.72206534275276,112.841826390822,156.911697599534,0.986027344751279,2.95559824344883,7.65770673589205,0.00308085894790824,129.992691695432,129.99577255438,25.4003763036437,1478.22603499957,80.7230557661646,179.268489342595,1478.21841973764,80.7201018245889,179.265281566275,0.00761526193320794,-0.108754338390698,0.114916056286515
"38","MDC","J Pond","J Pond","MDC_J Pond_J Pond",4.72206534275276,112.841826390822,156.911697599534,0.986027344751279,2.95559824344883,7.65770673589205,3.93481760376038,8.83176364245336,12.7665812462137,22.8373790688259,179.72752831727,-4.414218915781,29.9473814082085,179.194448228399,-8.32353807763338,25.9870653625401,0.533080088871031,2.99912689674894,4.87050831077183
"39","MDC","Matney 3","Matney 3","MDC_Matney 3_Matney 3",4.72206534275276,112.841826390822,156.911697599534,0.986027344751279,2.95559824344883,7.65770673589205,0,74.852151152459,74.852151152459,12.0109916072874,422.859863355672,48.4988928952889,101.205409409629,422.859863355672,48.4988928952889,101.205409409629,0,0,0
"40","MDC","Matney 4 North","Matney 4 North","MDC_Matney 4 North_Matney 4 North",4.72206534275276,112.841826390822,156.911697599534,0.986027344751279,2.95559824344883,7.65770673589205,0.832471118117847,77.0997658011938,77.9322369193117,8.29486956275304,462.583559567599,50.3689388020189,105.495535036604,462.514196641685,49.5385342755911,104.660997326797,0.0693629259140919,0.494950904084322,1.16999133215137
"41","MDC","Matney 4 South","Matney 4 South","MDC_Matney 4 South_Matney 4 South",4.72206534275276,112.841826390822,156.911697599534,0.986027344751279,2.95559824344883,7.65770673589205,1.74542879420909,54.2396283095467,55.9850571037558,7.56726257489878,355.882508754995,31.8087809806939,80.1613332268177,355.574228902246,30.0738256902321,78.4054309288613,0.308279852749388,1.03387349568216,2.45698409273602
"42","MDC","Matney 6","Matney 6","MDC_Matney 6_Matney 6",4.72206534275276,112.841826390822,156.911697599534,0.986027344751279,2.95559824344883,7.65770673589205,0.464661224996951,83.2257125138713,83.6903737388682,9.43617612145749,632.280240303966,51.4655247884074,115.915222689329,632.227126804789,51.0022170854131,115.449207942329,0.0531134991772453,0.169310159063901,0.76001229093
"43","MDC","Matney 7","Matney 7","MDC_Matney 7_Matney 7",4.72206534275276,112.841826390822,156.911697599534,0.986027344751279,2.95559824344883,7.65770673589205,0,0,0,10.1182195020243,0,0,0,0,0,0,0,0,0
"44","MDC","Matney 8","Matney 8","MDC_Matney 8_Matney 8",4.72206534275276,112.841826390822,156.911697599534,0.986027344751279,2.95559824344883,7.65770673589205,5.97478511966767,18.0467746637068,24.0215597833745,12.5879950202429,47.1407472706105,15.2225395408535,32.8205800258955,45.746594564569,9.37884316345371,26.7147061639599,1.3941527060415,4.46160279912119,7.48796744021416
"45","MDC","South Dam Pond","South Dam Pond","MDC_South Dam Pond_South Dam Pond",4.72206534275276,112.841826390822,156.911697599534,0.986027344751279,2.95559824344883,7.65770673589205,0,58.4870775830245,58.4870775830245,8.49537837651822,326.549614269985,35.3285644236254,81.6455907424237,326.549614269985,35.3285644236254,81.6455907424237,0,0,0
"46","MDC","Upper Goose Pond","Upper Goose Pond","MDC_Upper Goose Pond_Upper Goose Pond",4.72206534275276,112.841826390822,156.911697599534,0.986027344751279,2.95559824344883,7.65770673589205,0,100.292848906541,100.292848906541,21.2354930364372,872.349568760736,62.4415000164474,138.144197796635,872.349568760736,62.4415000164474,138.144197796635,0,0,0
"47","PIX","1","1","PIX_1_1",44.9146094565305,96.86352450242,343.540352256351,24.6016209549251,51.7241291631743,168.124844722752,0,69.1068426494073,69.1068426494073,57.0627786639676,74.4201004605893,58.0512707976507,80.1624145011638,74.4201004605893,58.0512707976507,80.1624145011638,0,0,0
"48","PIX","2","2","PIX_2_2",44.9146094565305,96.86352450242,343.540352256351,24.6016209549251,51.7241291631743,168.124844722752,1.92743046624821,267.449381564639,269.376812030887,20.082809194332,1230.03334223122,224.430451877236,314.323172184539,1229.5504656526,222.511844616967,312.386918512311,0.482876578619724,1.03688898018475,2.81797195231167
"49","PIX","2A","2A","PIX_2A_2A",44.9146094565305,96.86352450242,343.540352256351,24.6016209549251,51.7241291631743,168.124844722752,0.17247514416657,182.491860861749,182.664336005916,22.4400831093117,395.045749265098,157.192527444161,208.13614456767,395.041814368924,157.020179157671,207.963542565827,0.00393489617392667,0.0920850154048367,0.252865272928303
"50","PIX","3","3","PIX_3_3",44.9146094565305,96.86352450242,343.540352256351,24.6016209549251,51.7241291631743,168.124844722752,9.50266936850844,250.014929319164,259.517598687673,19.5774109271255,3166.81045277971,187.399026424528,331.636170950817,3158.73274076374,177.988393669264,322.041464969065,8.07771201596507,5.86033117059637,13.1450075664205
"51","PIX","3A","3A","PIX_3A_3A",44.9146094565305,96.86352450242,343.540352256351,24.6016209549251,51.7241291631743,168.124844722752,7.55777133547762,237.915853792422,245.4736251279,30.0014521740891,713.355597693729,211.245026229375,279.702224026424,708.273262702838,203.80940446685,272.022303117994,5.08233499089069,4.66863704329604,10.4469056276592
"52","PIX","4","4","PIX_4_4",44.9146094565305,96.86352450242,343.540352256351,24.6016209549251,51.7241291631743,168.124844722752,5.96320511758504,202.2623309832,208.225536100785,18.0692293036437,458.519133484737,180.783595686667,235.667476514903,457.822207151729,174.84125369376,229.68340827264,0.696926333008422,4.89333878080403,7.03307145436605
"53","PIX","4A","4A","PIX_4A_4A",44.9146094565305,96.86352450242,343.540352256351,24.6016209549251,51.7241291631743,168.124844722752,1.47971613170817,97.7422888559927,99.2220049877009,18.2792297489879,2459.71523534439,35.6627934516549,162.781216523747,2457.63820008915,34.2099183546391,161.274659357346,2.07703525524032,-0.367246120903092,3.32667838431944
"54","PIX","6","6","PIX_6_6",44.9146094565305,96.86352450242,343.540352256351,24.6016209549251,51.7241291631743,168.124844722752,0,52.6126598279079,52.6126598279079,46.2583528744939,127.441659933401,38.1452163184678,67.080103337348,127.441659933401,38.1452163184678,67.080103337348,0,0,0
"55","PIX","7A","7A","PIX_7A_7A",44.9146094565305,96.86352450242,343.540352256351,24.6016209549251,51.7241291631743,168.124844722752,0,252.710594691365,252.710594691365,12.6673004736842,778.831775470661,216.94562046044,288.47556892229,778.831775470661,216.94562046044,288.47556892229,0,0,0
"56","PIX","7B","7B","PIX_7B_7B",44.9146094565305,96.86352450242,343.540352256351,24.6016209549251,51.7241291631743,168.124844722752,143.830008280266,8.99030101870032,152.820309298967,12.224770465587,2541.01143052873,88.2192863805668,217.421332217367,450.356458484919,-18.2062782719588,36.1868803093595,2090.65497204381,85.2327537627507,202.427262797782
"57","PIX","8A","8A","PIX_8A_8A",44.9146094565305,96.86352450242,343.540352256351,24.6016209549251,51.7241291631743,168.124844722752,0,93.2415376023768,93.2415376023768,11.6307639676113,2664.75778403753,27.0861900704157,159.396885134338,2664.75778403753,27.0861900704157,159.396885134338,0,0,0
"58","PIX","8B","8B","PIX_8B_8B",44.9146094565305,96.86352450242,343.540352256351,24.6016209549251,51.7241291631743,168.124844722752,0.45008566275356,261.767009738711,262.217095401464,17.794792854251,682.784261536622,228.729972470184,295.704218332745,682.777205159276,228.28005984773,295.253959629692,0.00705637734571248,0.342432452786365,0.557738872720755
"59","PIX","9A","9A","PIX_9A_9A",44.9146094565305,96.86352450242,343.540352256351,24.6016209549251,51.7241291631743,168.124844722752,9.0311513512476,233.560555941564,242.591707292812,12.3522343441296,1317.45793781681,196.075482057886,289.107932527738,1310.58374668593,187.165844880192,279.955267002936,6.87419113088242,5.67109247702961,12.3912102254656
"60","PIX","9B","9B","PIX_9B_9B",44.9146094565305,96.86352450242,343.540352256351,24.6016209549251,51.7241291631743,168.124844722752,1.0999716111371,227.828020214492,228.927991825629,13.4997468663968,459.040347822806,201.470458746606,256.385524904652,458.848082747978,200.376237912684,255.279802516299,0.192265074828039,0.538036348117915,1.66190687415628
"61","SLW","Beach Lake 1","Beach Lake 1","SLW_Beach Lake 1_Beach Lake 1",24.346174132937,59.2805014203668,244.039237855135,12.5904341403178,0,13.4434206900775,0.0341937161576348,9.55404777204622,9.58824148820385,16.4699376194332,51.4327081102717,0.397389302351945,18.7790936740558,17.5922607852482,4.1788194961183,14.9292760479741,33.8404473250235,-7.42091760989537,7.48930504221064
"62","SLW","Beach Lake 3","Beach Lake 3","SLW_Beach Lake 3_Beach Lake 3",24.346174132937,59.2805014203668,244.039237855135,12.5904341403178,0,13.4434206900775,0,89.9371069484389,89.9371069484389,7.34510817408907,NA,NA,NA,NA,NA,NA,NA,NA,NA
"63","SLW","Lewis 1","22","SLW_Lewis 1_22",24.346174132937,59.2805014203668,244.039237855135,12.5904341403178,0,13.4434206900775,2.48678511772723,14.268399233757,16.7551843514843,11.9535208947368,84.1651706622412,4.99802810763077,28.5123405953377,17.3922688644533,8.92381155982138,19.6129869076927,66.7729017977879,-7.98537347245837,12.9589437079128
"64","SLW","Lewis 6","22","SLW_Lewis 6_22",24.346174132937,59.2805014203668,244.039237855135,12.5904341403178,0,13.4434206900775,7.48096643222998,8.53646006386724,16.0174264960972,23.7168755020243,953.713601407159,-23.5597742428574,55.5946272350518,76.4737428366323,-2.6706144279719,19.7435345557064,877.239858570527,-30.4763293047674,45.4382621692273
"65","SLW","LIC","57","SLW_LIC_57",24.346174132937,59.2805014203668,244.039237855135,12.5904341403178,0,13.4434206900775,1.26130445543121,81.5606128225337,82.8219172779649,28.6553190850202,520.831382245932,53.5746928488361,112.069141707094,485.599826663249,53.3199199961722,109.801305648895,35.2315555826824,-6.34549549559461,8.86810440645703
