"","LIT","Unit_Name","Subunit_Name","subunit_ID","st_g_m2_a.Low","st_g_m2_b.Med","st_g_m2_c.High","wg_g_m2_a.Low","wg_g_m2_b.Med","wg_g_m2_c.High","wg_g_m2","st_g_m2","tot_g_m2","area_ha","tot_mass_m2_var","CI80lwr","CI80upr","st_mass_m2_var","CI80lwr_st","CI80upr_st","wg_mass_m2_var","CI80lwr_wg","CI80upr_wg"
"1","CLS","T10","T10:3","CLS_T10_T10:3",77.4320526123957,286.608321441551,763.145996148919,16.8824903086376,53.763109473723,68.4157153263294,7.75798947855041,172.90982217449,180.66781165304,17.3838170040486,391.901042988354,155.29758803805,206.03803526803,389.974726555836,147.602026666972,198.217617682008,1.9263164325186,5.97930096612019,9.53667799098062
"2","CLS","T13A","T13A","CLS_T13A_T13A",77.4320526123957,286.608321441551,763.145996148919,16.8824903086376,53.763109473723,68.4157153263294,0,580.743702827382,580.743702827382,36.0495437246963,6887.49586358873,474.386535740211,687.100869914552,6887.49586358873,474.386535740211,687.100869914552,0,0,0
"3","CLS","T15","T15:1","CLS_T15_T15:1",77.4320526123957,286.608321441551,763.145996148919,16.8824903086376,53.763109473723,68.4157153263294,0.014693689037967,429.198599606636,429.213293295674,14.2127809716599,6028.60380569038,329.708395679825,528.718190911524,6028.57642811353,329.693927930835,528.703271282437,0.0273775768476818,-0.197354022016481,0.226741400092415
"4","CLS","T15","T15:2","CLS_T15_T15:2",77.4320526123957,286.608321441551,763.145996148919,16.8824903086376,53.763109473723,68.4157153263294,0,0,0,16.6628793522267,0,0,0,0,0,0,0,0,0
"5","CLS","T15","T15:3","CLS_T15_T15:3",77.4320526123957,286.608321441551,763.145996148919,16.8824903086376,53.763109473723,68.4157153263294,0,0,0,30.0489659919028,0,0,0,0,0,0,0,0,0
"6","CLS","T15","T15:4","CLS_T15_T15:4",77.4320526123957,286.608321441551,763.145996148919,16.8824903086376,53.763109473723,68.4157153263294,0,0,0,30.801367611336,0,0,0,0,0,0,0,0,0
"7","CLS","T17","T17","CLS_T17_T17",77.4320526123957,286.608321441551,763.145996148919,16.8824903086376,53.763109473723,68.4157153263294,0.0230984905610352,420.880284373376,420.903382863937,34.8731627530364,4043.03058646657,339.416144630697,502.390621097178,4042.79657612255,339.395404412251,502.365164334501,0.234010344024168,-0.596847153754416,0.643044134876486
"8","CLS","T24","T24:4","CLS_T24_T24:4",77.4320526123957,286.608321441551,763.145996148919,16.8824903086376,53.763109473723,68.4157153263294,38.9251652761814,1.31717164815275,40.2423369243341,13.7265327935223,167.610697581647,23.6507872253605,56.8338866233077,134.903289680246,-13.5677775116657,16.2021208079712,32.7074079014019,31.5959218006833,46.2544087516795
"9","CLS","T24","T24:5","CLS_T24_T24:5",77.4320526123957,286.608321441551,763.145996148919,16.8824903086376,53.763109473723,68.4157153263294,36.1597363669665,0,36.1597363669665,11.3989647773279,23.8744617781334,29.897883190799,42.421589543134,0,0,0,23.8744617781334,29.897883190799,42.421589543134
"10","CLS","T27","T27.3","CLS_T27_T27.3",77.4320526123957,286.608321441551,763.145996148919,16.8824903086376,53.763109473723,68.4157153263294,0,0,0,71.5502222672065,0,0,0,0,0,0,0,0,0
"11","CLS","T5","T5","CLS_T5_T5",77.4320526123957,286.608321441551,763.145996148919,16.8824903086376,53.763109473723,68.4157153263294,0,0,0,39.5412753036437,0,0,0,0,0,0,0,0,0
"12","CLS","T6","T6:1","CLS_T6_T6:1",77.4320526123957,286.608321441551,763.145996148919,16.8824903086376,53.763109473723,68.4157153263294,50.0568994350199,2.56903491589456,52.6259343509145,10.7638566801619,350.685164913401,28.6268438967668,76.6250248050622,270.287134362217,-18.5002003388713,23.6382701706604,80.3980305511833,38.5658738756673,61.5479249943726
"13","CLS","T6","T6:2","CLS_T6_T6:2",77.4320526123957,286.608321441551,763.145996148919,16.8824903086376,53.763109473723,68.4157153263294,43.9144757629094,0,43.9144757629094,13.7845497975708,17.1739818429449,38.6035334373799,49.2254180884389,0,0,0,17.1739818429449,38.6035334373799,49.2254180884389
"14","CLS","T6","T6:3","CLS_T6_T6:3",77.4320526123957,286.608321441551,763.145996148919,16.8824903086376,53.763109473723,68.4157153263294,42.1202546674023,1.03562006758759,43.1558747349899,18.3609255060729,85.0561098957734,31.3366540015833,54.9750954683965,53.5698371663475,-8.34423760647927,10.4154777416544,31.486272729426,34.9291317537512,49.3113775810535
"15","CLS","T6","T6:4","CLS_T6_T6:4",77.4320526123957,286.608321441551,763.145996148919,16.8824903086376,53.763109473723,68.4157153263294,48.4389106900611,0,48.4389106900611,11.5553469635628,26.624384270775,41.8262555844747,55.0515657956475,0,0,0,26.624384270775,41.8262555844747,55.0515657956475
"16","CLS","T6A","T6A","CLS_T6A_T6A",77.4320526123957,286.608321441551,763.145996148919,16.8824903086376,53.763109473723,68.4157153263294,0,0,0,16.6708429149798,0,0,0,0,0,0,0,0,0
"17","KRN","14","14-F","KRN_14_14-F",123.662002209251,297.37570853175,454.33739701939,0,0,0,0,25.8444774102789,25.8444774102789,41.5000093117409,303.574677819293,3.51549884121412,48.1734559793437,303.574677819293,3.51549884121412,48.1734559793437,0,0,0
"18","KRN","14","14A-1","KRN_14_14A-1",123.662002209251,297.37570853175,454.33739701939,0,0,0,0,4.19356825728535,4.19356825728535,24.4521931174089,15.1403520426617,-0.793026455665446,9.18016297023614,15.1403520426617,-0.793026455665446,9.18016297023614,0,0,0
"19","KRN","14","14A-2","KRN_14_14A-2",123.662002209251,297.37570853175,454.33739701939,0,0,0,0,4.08064818362666,4.08064818362666,21.6827834008097,154.736486345972,-11.8609717549117,20.022268122165,154.736486345972,-11.8609717549117,20.022268122165,0,0,0
"20","KRN","14","14B-1","KRN_14_14B-1",123.662002209251,297.37570853175,454.33739701939,0,0,0,0,96.8261598426832,96.8261598426832,30.6294311740891,670.79955954185,63.6342325969612,130.018087088405,670.79955954185,63.6342325969612,130.018087088405,0,0,0
"21","KRN","14","14B-2","KRN_14_14B-2",123.662002209251,297.37570853175,454.33739701939,0,0,0,0,41.3935569945774,41.3935569945774,37.131579757085,176.061685564792,24.3888750551889,58.3982389339659,176.061685564792,24.3888750551889,58.3982389339659,0,0,0
"22","KRN","14","14C-1","KRN_14_14C-1",123.662002209251,297.37570853175,454.33739701939,0,0,0,0,84.92416094864,84.92416094864,37.5390582995951,669.682447393478,51.7598832107793,118.088438686501,669.682447393478,51.7598832107793,118.088438686501,0,0,0
"23","KRN","14","14C-2","KRN_14_14C-2",123.662002209251,297.37570853175,454.33739701939,0,0,0,0,191.305387894924,191.305387894924,23.8150109311741,2116.22349939231,132.350902636033,250.259873153815,2116.22349939231,132.350902636033,250.259873153815,0,0,0
"24","KRN","14","14D-1","KRN_14_14D-1",123.662002209251,297.37570853175,454.33739701939,0,0,0,0,25.4539656571346,25.4539656571346,33.359087854251,91.4342158347769,13.1996106452899,37.7083206689793,91.4342158347769,13.1996106452899,37.7083206689793,0,0,0
"25","KRN","14","14D-2","KRN_14_14D-2",123.662002209251,297.37570853175,454.33739701939,0,0,0,0,3.7685936860719,3.7685936860719,25.7281380566802,1.51595258471662,2.19069579973108,5.34649157241271,1.51595258471662,2.19069579973108,5.34649157241271,0,0,0
"26","KRN","14","14E-1","KRN_14_14E-1",123.662002209251,297.37570853175,454.33739701939,0,0,0,0,12.3614569673013,12.3614569673013,34.7687809716599,6.94404262152644,8.98436976983288,15.7385441647697,6.94404262152644,8.98436976983288,15.7385441647697,0,0,0
"27","KRN","14","14E-2","KRN_14_14E-2",123.662002209251,297.37570853175,454.33739701939,0,0,0,0,0,0,33.0183672064777,0,0,0,0,0,0,0,0,0
"28","KRN","14","14G-1","KRN_14_14G-1",123.662002209251,297.37570853175,454.33739701939,0,0,0,0,149.762467406732,149.762467406732,53.8524631578947,432.610918189948,123.107090768056,176.417844045407,432.610918189948,123.107090768056,176.417844045407,0,0,0
"29","KRN","14","14G-2","KRN_14_14G-2",123.662002209251,297.37570853175,454.33739701939,0,0,0,0,21.1945951151145,21.1945951151145,48.4843542510121,290.922368480286,-0.664120647409362,43.0533108776384,290.922368480286,-0.664120647409362,43.0533108776384,0,0,0
"30","KRN","4A","4A-1","KRN_4A_4A-1",123.662002209251,297.37570853175,454.33739701939,0,0,0,0,43.4499537366754,43.4499537366754,19.4765651821862,485.503510548473,15.2120617439959,71.6878457293549,485.503510548473,15.2120617439959,71.6878457293549,0,0,0
"31","KRN","4A","4A-2","KRN_4A_4A-2",123.662002209251,297.37570853175,454.33739701939,0,0,0,0,225.242865792414,225.242865792414,17.4619271255061,1269.76952629822,179.576280819054,270.909450765773,1269.76952629822,179.576280819054,270.909450765773,0,0,0
"32","KRN","4A","4A-3","KRN_4A_4A-3",123.662002209251,297.37570853175,454.33739701939,0,0,0,0,249.734280788879,249.734280788879,8.98212550607287,2273.51727106405,188.628089626307,310.840471951451,2273.51727106405,188.628089626307,310.840471951451,0,0,0
"33","KRN","4A","4A-5","KRN_4A_4A-5",123.662002209251,297.37570853175,454.33739701939,0,0,0,0,292.444909845933,292.444909845933,21.9515801619433,2990.31553073471,222.364829074691,362.524990617175,2990.31553073471,222.364829074691,362.524990617175,0,0,0
"34","KRN","4A","4A-6","KRN_4A_4A-6",123.662002209251,297.37570853175,454.33739701939,0,0,0,0,121.295799846975,121.295799846975,26.6562570850202,246.793626541132,101.163051945777,141.428547748173,246.793626541132,101.163051945777,141.428547748173,0,0,0
"35","KRN","4A","4A-7","KRN_4A_4A-7",123.662002209251,297.37570853175,454.33739701939,0,0,0,0,74.6550356063018,74.6550356063018,18.5979927125506,410.405717205806,48.6927581682566,100.617313044347,410.405717205806,48.6927581682566,100.617313044347,0,0,0
"36","KRN","4B","4B-1","KRN_4B_4B-1",123.662002209251,297.37570853175,454.33739701939,0,0,0,0,193.139651004463,193.139651004463,25.8704736842105,1686.93318345752,140.503390683484,245.775911325442,1686.93318345752,140.503390683484,245.775911325442,0,0,0
"37","KRN","4B","4B-2","KRN_4B_4B-2",123.662002209251,297.37570853175,454.33739701939,0,0,0,0,75.8958602433199,75.8958602433199,17.6735125506073,220.79458245808,56.853082787475,94.9386376991649,220.79458245808,56.853082787475,94.9386376991649,0,0,0
"38","KRN","4B","4B-4","KRN_4B_4B-4",123.662002209251,297.37570853175,454.33739701939,0,0,0,0,62.9771058295321,62.9771058295321,8.60394210526316,474.183921877268,35.0703406754225,90.8838709836417,474.183921877268,35.0703406754225,90.8838709836417,0,0,0
"39","KRN","5A","5A-1","KRN_5A_5A-1",123.662002209251,297.37570853175,454.33739701939,0,0,0,0,53.7718603194589,53.7718603194589,18.7351178137652,215.296978519426,34.9676520356899,72.5760686032278,215.296978519426,34.9676520356899,72.5760686032278,0,0,0
"40","KRN","5A","5A-3","KRN_5A_5A-3",123.662002209251,297.37570853175,454.33739701939,0,0,0,0,73.7043463133213,73.7043463133213,21.2246825910931,178.83556096632,56.566232360787,90.8424602658555,178.83556096632,56.566232360787,90.8424602658555,0,0,0
"41","KRN","5A","5A-4","KRN_5A_5A-4",123.662002209251,297.37570853175,454.33739701939,0,0,0,0,47.6998167356425,47.6998167356425,18.9291174089069,237.441708850494,27.9522045330114,67.4474289382735,237.441708850494,27.9522045330114,67.4474289382735,0,0,0
"42","KRN","5A","5A-5","KRN_5A_5A-5",123.662002209251,297.37570853175,454.33739701939,0,0,0,0,39.4301665067635,39.4301665067635,13.3716910931174,476.867245170614,11.4445530081962,67.4157800053308,476.867245170614,11.4445530081962,67.4157800053308,0,0,0
"43","KRN","5A","5A-7","KRN_5A_5A-7",123.662002209251,297.37570853175,454.33739701939,0,0,0,0,100.343657127543,100.343657127543,19.6412206477733,529.239575140667,70.8612973560494,129.826016899037,529.239575140667,70.8612973560494,129.826016899037,0,0,0
"44","KRN","5B","5B-1","KRN_5B_5B-1",123.662002209251,297.37570853175,454.33739701939,0,0,0,0,196.210575860828,196.210575860828,9.23023562753036,1693.54563707173,143.47125442781,248.949897293847,1693.54563707173,143.47125442781,248.949897293847,0,0,0
"45","KRN","5B","5B-2","KRN_5B_5B-2",123.662002209251,297.37570853175,454.33739701939,0,0,0,0,99.7416691454046,99.7416691454046,11.9351149797571,331.788772445361,76.3981177639582,123.085220526851,331.788772445361,76.3981177639582,123.085220526851,0,0,0
"46","KRN","5B","5B-3","KRN_5B_5B-3",123.662002209251,297.37570853175,454.33739701939,0,0,0,0,116.479571806804,116.479571806804,23.2972303643725,358.13031100496,92.2270655428282,140.73207807078,358.13031100496,92.2270655428282,140.73207807078,0,0,0
"47","KRN","5B","5B-5","KRN_5B_5B-5",123.662002209251,297.37570853175,454.33739701939,0,0,0,0,47.0596853571116,47.0596853571116,20.3027611336032,751.063619760316,11.9380727340535,82.1812979801697,751.063619760316,11.9380727340535,82.1812979801697,0,0,0
"48","KRN","5B","5B-6","KRN_5B_5B-6",123.662002209251,297.37570853175,454.33739701939,0,0,0,0,131.30137923987,131.30137923987,12.9507388663968,388.541784758035,106.040122610335,156.562635869405,388.541784758035,106.040122610335,156.562635869405,0,0,0
"49","KRN","5B","5B-7","KRN_5B_5B-7",123.662002209251,297.37570853175,454.33739701939,0,0,0,0,256.764345043222,256.764345043222,12.0585206477733,1954.06923126501,200.113543540851,313.415146545594,1954.06923126501,200.113543540851,313.415146545594,0,0,0
"50","KRN","6A","6A-1","KRN_6A_6A-1",123.662002209251,297.37570853175,454.33739701939,0,0,0,0,110.883569157946,110.883569157946,21.8329550607287,768.591024664881,75.3545073264904,146.412630989401,768.591024664881,75.3545073264904,146.412630989401,0,0,0
"51","KRN","6A","6A-2","KRN_6A_6A-2",123.662002209251,297.37570853175,454.33739701939,0,0,0,0,95.5177420556284,95.5177420556284,20.2451465587045,453.828111545549,68.2165391649467,122.81894494631,453.828111545549,68.2165391649467,122.81894494631,0,0,0
"52","KRN","6A","6A-4","KRN_6A_6A-4",123.662002209251,297.37570853175,454.33739701939,0,0,0,0,117.543742568221,117.543742568221,11.5020133603239,319.323316817204,94.6429031578121,140.444581978631,319.323316817204,94.6429031578121,140.444581978631,0,0,0
"53","KRN","6A","6A-5","KRN_6A_6A-5",123.662002209251,297.37570853175,454.33739701939,0,0,0,0,139.325791661003,139.325791661003,13.7868109311741,370.689519172107,114.651696292531,163.999887029475,370.689519172107,114.651696292531,163.999887029475,0,0,0
"54","PIX","1","1","PIX_1_1",231.88574820716,521.830245563626,468.219244746988,0,0,0,0,128.611838582008,128.611838582008,57.062728340081,1255.78155353928,83.1974851841005,174.026191979915,1255.78155353928,83.1974851841005,174.026191979915,0,0,0
"55","PIX","2","2","PIX_2_2",231.88574820716,521.830245563626,468.219244746988,0,0,0,0,342.825566718281,342.825566718281,20.0827914979757,4159.08135271938,260.177101492162,425.474031944401,4159.08135271938,260.177101492162,425.474031944401,0,0,0
"56","PIX","2A","2A","PIX_2A_2A",231.88574820716,521.830245563626,468.219244746988,0,0,0,0,120.307885069786,120.307885069786,22.4400631578947,6311.22791222428,18.4972802625433,222.118489877029,6311.22791222428,18.4972802625433,222.118489877029,0,0,0
"57","PIX","3","3","PIX_3_3",231.88574820716,521.830245563626,468.219244746988,0,0,0,0,322.552414583235,322.552414583235,19.5773935222672,3085.18161378744,251.369387473009,393.735441693461,3085.18161378744,251.369387473009,393.735441693461,0,0,0
"58","PIX","3A","3A","PIX_3A_3A",231.88574820716,521.830245563626,468.219244746988,0,0,0,0,344.199365358653,344.199365358653,30.0014255060729,6831.15146787596,238.278128598253,450.120602119052,6831.15146787596,238.278128598253,450.120602119052,0,0,0
"59","PIX","4","4","PIX_4_4",231.88574820716,521.830245563626,468.219244746988,0,0,0,0,269.678999600142,269.678999600142,18.0692133603239,1648.43778434586,217.646778410039,321.711220790246,1648.43778434586,217.646778410039,321.711220790246,0,0,0
"60","PIX","4A","4A","PIX_4A_4A",231.88574820716,521.830245563626,468.219244746988,0,0,0,0,268.728118214409,268.728118214409,18.2792137651822,989.625348432714,228.412670147327,309.043566281491,989.625348432714,228.412670147327,309.043566281491,0,0,0
"61","PIX","6","6","PIX_6_6",231.88574820716,521.830245563626,468.219244746988,0,0,0,0,80.9314805860576,80.9314805860576,46.258312145749,547.055504524904,50.9569920283094,110.905969143806,547.055504524904,50.9569920283094,110.905969143806,0,0,0
"62","PIX","7A","7A","PIX_7A_7A",231.88574820716,521.830245563626,468.219244746988,0,0,0,0,225.58844654423,225.58844654423,12.6672894736842,1632.94583249091,173.801300874589,277.375592213871,1632.94583249091,173.801300874589,277.375592213871,0,0,0
"63","PIX","7B","7B","PIX_7B_7B",231.88574820716,521.830245563626,468.219244746988,0,0,0,0,311.865925536464,311.865925536464,12.22475951417,5505.21159891727,216.778499027762,406.953352045165,5505.21159891727,216.778499027762,406.953352045165,0,0,0
"64","PIX","8A","8A","PIX_8A_8A",231.88574820716,521.830245563626,468.219244746988,0,0,0,0,337.232974762353,337.232974762353,11.6307538461538,4628.12801383113,250.048577993468,424.417371531238,4628.12801383113,250.048577993468,424.417371531238,0,0,0
"65","PIX","8B","8B","PIX_8B_8B",231.88574820716,521.830245563626,468.219244746988,0,0,0,0,405.495980270374,405.495980270374,17.7947769230769,10161.011574141,276.313220424448,534.678740116301,10161.011574141,276.313220424448,534.678740116301,0,0,0
"66","PIX","9A","9A","PIX_9A_9A",231.88574820716,521.830245563626,468.219244746988,0,0,0,0,354.206399057884,354.206399057884,12.3522234817814,3654.90661015879,276.729143645171,431.683654470597,3654.90661015879,276.729143645171,431.683654470597,0,0,0
"67","PIX","9B","9B","PIX_9B_9B",231.88574820716,521.830245563626,468.219244746988,0,0,0,0,343.507294967317,343.507294967317,13.4997348178138,3112.68681814359,272.007664251536,415.006925683099,3112.68681814359,272.007664251536,415.006925683099,0,0,0
"68","SAC","P1A","P1A:1","SAC_P1A_P1A:1",45.5376111882408,122.688820711814,258.024929366745,21.9532697989045,40.6000689435667,54.3498684134439,0.108750781073533,90.6794544791885,90.788205260262,47.5395570850202,1203.63839259212,46.326706173014,135.24970434751,1203.30692774955,46.2240778447656,135.134831113611,0.331464842578138,-0.629076689933067,0.846578252080133
"69","SAC","P7A","P7A:4","SAC_P7A_P7A:4",45.5376111882408,122.688820711814,258.024929366745,21.9532697989045,40.6000689435667,54.3498684134439,12.4885580516016,12.6147471503887,25.1033052019903,20.7134429149798,12.9182551204058,20.4971558667936,29.709454537187,10.2343328828385,8.51491709502048,16.7145772057569,2.68392223756723,10.3890330540767,14.5880830491265
"70","SAC","P8","P8:1","SAC_P8_P8:1",45.5376111882408,122.688820711814,258.024929366745,21.9532697989045,40.6000689435667,54.3498684134439,0,177.596964941662,177.596964941662,24.1610085020243,3599.56309219638,100.708537149563,254.485392733762,3599.56309219638,100.708537149563,254.485392733762,0,0,0
"71","SAC","T10","T10:3","SAC_T10_T10:3",45.5376111882408,122.688820711814,258.024929366745,21.9532697989045,40.6000689435667,54.3498684134439,45.3643593237086,0,45.3643593237086,22.7989542510121,54.9669634312468,35.8629734028045,54.8657452446128,0,0,0,54.9669634312468,35.8629734028045,54.8657452446128
"72","SAC","T14","T14:1","SAC_T14_T14:1",45.5376111882408,122.688820711814,258.024929366745,21.9532697989045,40.6000689435667,54.3498684134439,42.6056641138516,0,42.6056641138516,13.3656052631579,89.1723093161556,30.503832873883,54.7074953538202,0,0,0,89.1723093161556,30.503832873883,54.7074953538202
"73","SAC","T14","T14:2","SAC_T14_T14:2",45.5376111882408,122.688820711814,258.024929366745,21.9532697989045,40.6000689435667,54.3498684134439,40.5255676248333,0,40.5255676248333,14.5869793522267,36.3000614035308,32.8042793827375,48.2468558669291,0,0,0,36.3000614035308,32.8042793827375,48.2468558669291
"74","SAC","T35","T35:1","SAC_T35_T35:1",45.5376111882408,122.688820711814,258.024929366745,21.9532697989045,40.6000689435667,54.3498684134439,23.7505458370242,18.7106242942745,42.4611701312987,17.3397769230769,54.8882610093543,32.9665887516997,51.9557515108978,38.0061298656014,10.8099727192381,26.6112758693109,16.8821311437529,18.4849233416583,29.0161683323901
"75","SAC","T36","T36:1","SAC_T36_T36:1",45.5376111882408,122.688820711814,258.024929366745,21.9532697989045,40.6000689435667,54.3498684134439,31.1264507307164,0.562780940673219,31.6892316713896,9.40088016194332,45.3148826388034,23.0622968813563,40.3161664614229,22.4630287649523,-5.51115548724007,6.63671736858651,22.8518538738512,25.0001712609929,37.2527302004399
"76","SAC","T36","T36:2","SAC_T36_T36:2",45.5376111882408,122.688820711814,258.024929366745,21.9532697989045,40.6000689435667,54.3498684134439,32.7372898610053,0.521283683928513,33.2585735449338,20.4168562753036,139.505608807351,18.1218485796353,48.3952985102324,96.0115607319267,-12.0360620111107,13.0786293789677,43.4940480754244,24.2854550442112,41.1891246777994
"77","SLW","Beach Lake 1","Beach Lake 1","SLW_Beach Lake 1_Beach Lake 1",19.7268338478461,115.013148101738,254.29017487016,39.7430460635742,36.1506643879355,94.585165377277,0,41.7451999497514,41.7451999497514,16.4699230769231,121.421727887004,27.6235874594974,55.8668124400054,121.421727887004,27.6235874594974,55.8668124400054,0,0,0
"78","SLW","Beach Lake 3","Beach Lake 3","SLW_Beach Lake 3_Beach Lake 3",19.7268338478461,115.013148101738,254.29017487016,39.7430460635742,36.1506643879355,94.585165377277,0,101.608138957134,101.608138957134,7.3451016194332,946.843227766025,62.1737492390107,141.042528675256,946.843227766025,62.1737492390107,141.042528675256,0,0,0
"79","SLW","HQ-7","27a","SLW_HQ-7_27a",19.7268338478461,115.013148101738,254.29017487016,39.7430460635742,36.1506643879355,94.585165377277,2.29513117242457,59.7370838775829,62.0322150500075,35.382375708502,670.380129891327,28.8506663556152,95.2137637443998,666.75331113188,26.6454145419416,92.8287532132242,3.62681875944696,-0.145482344480776,4.73574468932992
"80","SLW","Lewis 1","22","SLW_Lewis 1_22",19.7268338478461,115.013148101738,254.29017487016,39.7430460635742,36.1506643879355,94.585165377277,17.4409773107724,101.280099786541,118.721077097313,11.9535105263158,862.899632953649,81.0753033636621,156.366850830964,821.568188737483,64.5469734087951,138.013226164286,41.3314442161664,9.20194177729982,25.680012844245
"81","SLW","Lewis 6","22","SLW_Lewis 6_22",19.7268338478461,115.013148101738,254.29017487016,39.7430460635742,36.1506643879355,94.585165377277,54.2022126634212,15.5318124807322,69.7340251441533,23.7168546558704,353.58468560958,45.6359247784821,93.8321255098246,72.9985381755621,4.58234073809177,26.4812842233726,280.586147434018,32.7353193206227,75.6691060062196
"82","SLW","LIC","57","SLW_LIC_57",19.7268338478461,115.013148101738,254.29017487016,39.7430460635742,36.1506643879355,94.585165377277,1.76635760282552,59.4191400926733,61.1854976954988,28.6552939271255,551.352587003956,31.09351566337,91.2774797276276,548.426843842172,29.4071055580446,89.431174627302,2.92574316178405,-0.42571121776695,3.95842642341799
